4️⃣ Créer une interface graphique
📌 Afficher le graphe dans une fenêtre plutôt que la console

import tkinter as tk
from tkinter import filedialog  # Pour ouvrir un fichier

Option plus avancée (PyQt - plus joli et puissant)

from PyQt5.QtWidgets import QApplication, QMainWindow
✔ Installation : pip install PyQt5


5️⃣ (Optionnel) Afficher un graphe interactif
📌 Si tu veux un graphe zoomable et dynamique
import plotly.graph_objects as go  # Pour les graphes interactifs
✔ Installation : pip install plotly

📌 Installation rapide de toutes les bibliothèques :
Tu peux tout installer en une seule commande :
pip install numpy matplotlib PyQt5 plotly

12 20.0 20.0 0
It is not specified.There are no description.
11-07-2019
08:13:43

11-07-2019
08:13:43
0.4
0.4
0.4
0.4
0.4
0.4
0.4
0.4
0.0
-0.45
-0.5
-1.25
-1.3
-1.6
-2.0
-2.85
-3.0
-3.65
-4.1
-4.8
-5.65
-6.4
-7.3
-8.0
-9.25
-10.05
-10.8
-12.05
-12.8
-14.05
-14.65
-15.25
-17.25
-17.25
-17.25
-17.4
-18.0
-18.45
-18.65
-19.2
-19.55
-20.05
-20.4
-20.4
-21.65
-22.05
-23.65
-23.8
-25.2
-26.45
-27.2
-28.45
-28.8
-29.25
-29.25
-29.3
-29.4
-29.25
-29.65
-29.25
-29.65
-28.9
-29.4
-29.3
-29.25
-29.05
-29.65
-29.3
-29.3
-28.8
-29.25
-29.05
-29.65
-29.2
-29.65
-29.25
-29.25
-29.65
-29.4
-29.25
-29.65
-28.6
-29.25
-28.75
-29.25
-28.7
-28.8
-28.6
-29.25
-28.8
-29.25
-29.3
-29.25
-29.25
-29.05
-29.3
-29.4
-28.8
-29.7
-29.25
-29.85
-29.25
-29.3
-29.25
-29.4
-29.4
-29.65
-29.4
-29.4
-29.4
-29.05
-28.45
-28.8
-28.9
-28.8
-29.25
-28.9
-28.8
-29.65
-29.4
-29.65
-29.1
-29.4
-29.65
-29.3
-29.25
-29.3
-29.7
-29.65
-29.7
-29.3
-29.05
-29.65
-28.8
-29.4
-29.4
-29.05
-29.7
-29.05
-29.7
-29.65
-29.4
-29.65
-29.05
-29.65
-29.3
-29.65
-29.65
-29.25
-29.85
-29.1
-29.65
-29.7
-29.05
-29.7
-29.25
-29.05
-29.65
-28.8
-29.05
-29.05
-28.8
-29.25
-28.65
-29.65
-29.05
-29.65
-29.25
-29.3
-29.3
-29.05
-29.15
-28.05
-27.6
-27.6
-27.1
-27.0
-26.45
-26.05
-26.15
-26.1
-25.85
-26.45
-26.85
-27.2
-27.6
-27.45
-27.55
-28.5
-28.25
-28.8
-28.6
-28.8
-29.25
-29.05
-29.25
-29.0
-29.65
-29.65
-29.3
-29.4
-29.65
-29.4
-29.25
-29.65
-29.05
-29.8
-28.9
-29.65
-29.35
-28.9
-29.7
-29.0
-29.65
-29.25
-29.3
-29.65
-28.9
-29.4
-28.9
-29.65
-29.05
-29.3
-29.05
-29.05
-29.65
-28.9
-29.4
-29.65
-29.25
-29.3
-29.65
-28.6
-28.8
-29.05
-28.45
-28.45
-28.5
-28.05
-28.45
-28.8
-28.45
-29.25
-28.8
-28.8
-29.25
-29.3
-29.35
-29.65
-29.65
-29.1
-29.25
-29.65
-29.4
-28.8
-29.25
-29.65
-29.3
-28.95
-29.05
-29.25
-28.8
-29.25
-29.3
-29.05
-29.05
-29.65
-29.35
-29.05
-29.25
-29.7
-29.65
-29.3
-29.65
-29.65
-29.3
-29.65
-29.65
-29.4
-28.8
-29.3
-29.65
-29.05
-29.25
-29.85
-29.7
-29.25
-29.25
-29.25
-29.15
-29.25
-29.3
-29.25
-28.6
-29.25
-29.4
-29.05
-28.65
-29.4
-28.8
-28.5
-28.9
-28.9
-28.8
-29.25
-29.65
-28.9
-28.8
-29.25
-28.6
-27.6
-27.6
-27.45
-26.45
-25.6
-25.6
-24.9
-24.4
-24.25
-23.65
-22.85
-22.05
-20.9
-20.4
-20.05
-19.2
-18.8
-18.75
-18.45
-18.0
-17.6
-17.25
-17.25
-15.65
-14.75
-14.05
-12.8
-11.6
-10.5
-9.6
-8.85
-7.6
-7.25
-6.4
-5.65
-4.8
-4.05
-3.65
-2.85
-2.45
-1.85
-1.55
-1.25
-1.25
-0.45
0.0
0.4
0.4
0.55
0.75
